2447,26447858;  4420,38952682
2158,81301445;  4135,22175975
1870,36155031;  3850,05399268
1581,91008617;  3564,88622562
1293,45862203;  3279,71845855
1005,0071579 ;  2994,55069148
 716,55569376;  2709,38292441
 428,10422962;  2424,21515735
 139,65276549;  2139,04739028
-148,79869865;  1853,87962321
2732,43224565;  4131,93806268
2443,98078151;  3846,77029561
2155,52931738;  3561,60252855
1867,07785324;  3276,43476148
1578,6263891 ;  2991,26699441
1290,17492496;  2706,09922734
1001,72346083;  2420,93146028
 713,27199669;  2135,76369321
 424,82053255;  1850,59592614
 136,36906842;  1565,42815908
3017,60001272;  3843,48659854
2729,14854858;  3558,31883148
2440,69708444;  3273,15106441
2152,24562031;  2987,98329734
1863,79415617;  2702,81553027
1575,34269203;  2417,64776321
1286,8912279 ;  2132,47999614
 998,43976376;  1847,31222907
 709,98829962;  1562,14446201
 421,53683548;  1276,97669494
3302,76777978;  3555,03513441
3014,31631565;  3269,86736734
2725,86485151;  2984,69960027
2437,41338737;  2699,53183321
2148,96192324;  2414,36406614
1860,5104591 ;  2129,19629907
1572,05899496;  1844,028532  
1283,60753083;  1558,86076494
 995,15606669;  1273,69299787
 706,70460255;   988,5252308 
3587,93554685;  3266,58367027
3299,48408272;  2981,4159032 
3011,03261858;  2696,24813614
2722,58115444;  2411,08036907
2434,1296903 ;  2125,912602  
2145,67822617;  1840,74483493
1857,22676203;  1555,57706787
1568,77529789;  1270,4093008 
1280,32383376;   985,24153373
 991,87236962;   700,07376666
3873,10331392;  2978,13220613
3584,65184978;  2692,96443907
3296,20038565;  2407,796672  
3007,74892151;  2122,62890493
2719,29745737;  1837,46113786
2430,84599323;  1552,2933708 
2142,3945291 ;  1267,12560373
1853,94306496;   981,95783666
1565,49160082;   696,79006959
1277,04013669;   411,62230253
4158,27108099;  2689,680742  
3869,81961685;  2404,51297493
3581,36815271;  2119,34520786
3292,91668858;  1834,17744079
3004,46522444;  1549,00967373
2716,0137603 ;  1263,84190666
2427,56229616;   978,67413959
2139,11083203;   693,50637252
1850,65936789;   408,33860546
1562,20790375;   123,17083839
4443,43884805;  2401,22927786
4154,98738392;  2116,06151079
3866,53591978;  1830,89374372
3578,08445564;  1545,72597666
3289,63299151;  1260,55820959
3001,18152737;   975,39044252
2712,73006323;   690,22267545
2424,27859909;   405,05490839
2135,82713496;   119,88714132
1847,37567082;  -165,28062575
4728,60661512;  2112,77781372
4440,15515098;  1827,61004665
4151,70368685;  1542,44227959
3863,25222271;  1257,27451252
3574,80075857;   972,10674545
3286,34929444;   686,93897838
2997,8978303 ;   401,77121132
2709,44636616;   116,60344425
2420,99490202;  -168,56432282
2132,54343789;  -453,73208988
5013,77438219;  1824,32634958
4725,32291805;  1539,15858252
4436,87145391;  1253,99081545
4148,41998978;   968,82304838
3859,96852564;   683,65528132
3571,5170615 ;   398,48751425
3283,06559737;   113,31974718
2994,61413323;  -171,84801989
2706,16266909;  -457,01578695
2417,71120495;  -742,18355402
